Time
7.906
7.907
7.908
7.911
7.912
7.913
7.914
8.121
8.122
8.126
8.127
8.129
9.204
9.205
9.209
9.21
9.211
9.212
9.314
9.318
9.319
9.32
9.321
9.322
9.405
9.406
9.409
9.41
9.411
9.412
9.413
9.838
9.839
9.84
9.845
9.846
10.07
10.071
10.075
10.076
10.077
10.078
10.277
10.278
10.279
10.283
10.284
10.285
10.286
10.449
10.45
10.454
10.456
10.457
10.638
10.639
10.64
10.643
10.644
10.645
10.646
10.712
10.713
10.714
10.716
10.717
10.718
10.719
11.022
11.023
11.026
11.027
11.028
11.029
11.03
11.384
11.391
11.393
11.629
11.63
11.631
11.634
11.635
11.636
11.637
12.059
12.103
12.104
12.105
12.111
12.112
12.113
12.482
12.483
12.484
12.49
12.491
12.492
12.905
12.907
12.908
12.914
12.915
12.916
13.633
13.634
13.635
13.636
13.639
13.64
13.641
13.642
13.717
13.796
13.881
13.882
13.883
13.89
13.892
13.936
13.938
13.939
13.946
13.947
13.948
14.163
14.164
14.165
14.171
14.172
14.173
14.174
14.185
14.186
14.187
14.197
14.198
14.199
14.2
14.611
15.346
15.347
15.349
15.35
15.352
15.353
15.354
15.355
15.545
15.547
15.548
15.551
15.552
15.553
15.554
16.054
16.055
16.056
16.058
16.065
16.066
16.067
16.072
16.502
16.503
16.506
16.507
16.508
16.51
16.723
16.724
16.727
16.729
16.73
16.731
16.732
17.028
17.031
17.032
17.033
17.034
17.035
17.037
17.252
17.253
17.256
17.257
17.259
17.261
17.262
17.263
17.561
17.713
17.714
17.717
17.718
17.72
17.721
17.722
17.723
17.828
17.832
17.966
17.968
17.971
17.973
18.159
18.16
18.162
18.167
18.168
18.169
18.17
18.173
18.21
18.211
18.214
18.218
18.22
18.221
18.302
18.305
18.306
18.308
18.309
18.31
18.311
18.351
18.352
18.355
18.356
18.357
18.359
18.36
18.361
18.541
18.542
18.549
18.551
18.552
18.553
18.616
18.62
18.621
18.622
18.623
18.625
18.626
18.734
18.738
18.74
18.742
18.743
18.769
18.77
18.773
18.776
18.779
18.78
18.781
18.942
18.945
18.946
18.955
19.512
19.514
19.516
19.517
19.522
19.523
19.526
19.528
19.788
19.791
19.792
19.796
19.798
19.799
19.8
19.875
19.876
19.88
19.885
19.886
19.926
19.93
19.931
19.935
19.937
19.938
20.085
20.087
20.093
20.094
20.096
20.35
20.354
20.356
20.357
20.36
20.361
20.486
20.487
20.49
20.491
20.494
20.495
20.497
20.498
20.575
20.576
20.617
20.727
20.73
20.732
20.734
20.736
20.737
20.74
21.047
21.225
21.227
21.235
21.237
21.241
21.244
21.269
21.276
21.277
21.307
21.311
21.312
21.314
21.317
21.318
21.467
21.475
21.573
21.575
21.576
21.577
21.579
21.583
21.659
21.666
21.667
21.669
21.673
21.714
21.718
21.761
21.766
21.769
21.772
21.79
21.832
21.835
21.838
21.865
21.869
21.871
21.873
21.876
21.924
21.925
21.927
21.958
21.96
21.961
21.963
21.964
21.965
21.971
